Step,Reward,Accumulated reward,Velocity,Steer,Deviation,Speed
1,0.9375,0.9375,4.0,0.10000000000000003,16.0,0.0
2,0.90625,1.84375,4.0,0.10000000000000003,24.0,2.116473436355591
3,0.89453125,2.73828125,4.0,0.10000000000000003,27.0,2.3898558616638184
4,0.88671875,3.625,4.0,0.10000000000000003,29.0,2.6627602577209473
5,0.875,4.5,4.0,0.10000000000000003,32.0,2.943610429763794
6,0.84765625,5.34765625,4.0,0.10000000000000003,39.0,3.2424817085266113
7,0.8203125,6.16796875,4.0,0.10000000000000003,46.0,4.023532390594482
8,0.78125,6.94921875,4.0,0.10000000000000003,56.0,4.23911714553833
9,0.765625,7.71484375,4.0,0.10000000000000003,60.0,4.252042293548584
10,0.75390625,8.46875,4.0,0.10000000000000003,63.0,4.127317905426025
11,0.734375,9.203125,4.0,0.10000000000000003,68.0,4.006598949432373
12,0.72265625,9.92578125,4.0,0.10000000000000003,71.0,3.8381989002227783
13,0.6875,10.61328125,4.0,0.10000000000000003,80.0,3.589686870574951
14,0.67578125,11.2890625,4.0,0.10000000000000003,83.0,3.4965312480926514
15,0.66015625,11.94921875,4.0,0.10000000000000003,87.0,3.446953058242798
16,0.64453125,12.59375,4.0,0.10000000000000003,91.0,3.441047430038452
17,0.6328125,13.2265625,4.0,0.10000000000000003,94.0,3.4569573402404785
18,0.62109375,13.84765625,4.0,0.10000000000000003,97.0,3.49202561378479
19,0.6171875,14.46484375,4.0,0.10000000000000003,98.0,3.5275988578796387
20,0.6015625,15.06640625,4.0,0.10000000000000003,102.0,3.583179473876953
21,0.58203125,15.6484375,4.0,0.10000000000000003,107.0,3.6321120262145996
22,0.55078125,16.19921875,4.0,0.10000000000000003,115.0,3.6708338260650635
23,0.5390625,16.73828125,4.0,0.10000000000000003,118.0,3.6752636432647705
24,0.5234375,17.26171875,4.0,0.10000000000000003,122.0,3.6676807403564453
25,0.51171875,17.7734375,4.0,0.10000000000000003,125.0,3.6596567630767822
26,0.49609375,18.26953125,4.0,0.10000000000000003,129.0,3.647897958755493
27,0.484375,18.75390625,4.0,0.10000000000000003,132.0,3.637826442718506
28,0.47265625,19.2265625,4.0,0.10000000000000003,135.0,3.6274468898773193
29,0.4609375,19.6875,4.0,0.10000000000000003,138.0,3.6099770069122314
30,0.46875,20.15625,4.0,0.10000000000000003,136.0,3.6073882579803467
31,0.421875,20.578125,4.0,0.10000000000000003,148.0,3.606750011444092
32,0.390625,20.96875,4.0,0.10000000000000003,156.0,3.6033270359039307
33,0.390625,21.359375,4.0,0.10000000000000003,156.0,3.6166388988494873
34,0.390625,21.75,4.0,0.10000000000000003,156.0,3.6172378063201904
35,0.41015625,22.16015625,4.0,0.10000000000000003,151.0,3.6220996379852295
36,0.40625,22.56640625,4.0,0.10000000000000003,152.0,3.6235191822052
37,0.40625,22.97265625,4.0,0.10000000000000003,152.0,3.6187338829040527
38,0.40625,23.37890625,4.0,0.10000000000000003,152.0,3.624697208404541
39,0.40625,23.78515625,4.0,0.10000000000000003,152.0,3.6292574405670166
40,0.40625,24.19140625,4.0,0.10000000000000003,152.0,3.6299147605895996
41,0.40625,24.59765625,4.0,0.10000000000000003,152.0,3.630894422531128
42,0.5390625,25.13671875,4.0,0.10000000000000003,118.0,3.620255470275879
43,0.5390625,25.67578125,4.0,0.10000000000000003,118.0,3.6199395656585693
44,0.5390625,26.21484375,4.0,0.10000000000000003,118.0,3.6198770999908447
45,0.5390625,26.75390625,4.0,0.10000000000000003,118.0,3.621791124343872
46,0.5390625,27.29296875,4.0,0.10000000000000003,118.0,3.6174139976501465
47,0.5390625,27.83203125,4.0,0.10000000000000003,118.0,3.6196048259735107
48,0.5390625,28.37109375,4.0,0.10000000000000003,118.0,3.6134660243988037
49,0.5390625,28.91015625,4.0,0.10000000000000003,118.0,3.6118509769439697
50,0.5390625,29.44921875,4.0,0.10000000000000003,118.0,3.6180930137634277
51,0.5390625,29.98828125,4.0,0.10000000000000003,118.0,3.6162943840026855
52,0.5390625,30.52734375,4.0,0.10000000000000003,118.0,3.6144943237304688
53,0.5390625,31.06640625,4.0,0.10000000000000003,118.0,3.6214654445648193
54,0.5390625,31.60546875,4.0,0.10000000000000003,118.0,3.626951217651367
55,0,31.60546875,4.0,0.10000000000000003,118.0,3.631747007369995
